0.000000000000000000e+00 2.244477884571867037e+02
5.012531328320801727e-02 9.454254843930854690e+01
1.002506265664160345e-01 1.585825381706615644e+02
1.503759398496240518e-01 2.906428631478128182e+02
2.005012531328320691e-01 2.587842231652995793e+02
2.506265664160400863e-01 -2.062510064750995298e+01
3.007518796992481036e-01 1.767567714742529574e+02
3.508771929824561209e-01 7.080247999568095452e+01
4.010025062656641381e-01 7.932826424331700821e+01
4.511278195488721554e-01 1.339230056669881321e+02
5.012531328320801727e-01 1.099638037562239674e+02
5.513784461152881899e-01 2.431515494104361608e+02
6.015037593984962072e-01 1.754493918928313860e+02
6.516290726817042245e-01 1.125825164901267357e+02
7.017543859649122417e-01 1.453131622361574955e+02
7.518796992481202590e-01 1.342461573266710673e+02
8.020050125313282763e-01 2.496794042534996265e+02
8.521303258145362935e-01 7.859334254680513254e+01
9.022556390977443108e-01 1.287056886545824455e+02
9.523809523809523281e-01 9.741474116762731228e+00
1.002506265664160345e+00 -1.629200553237271833e+02
1.052631578947368363e+00 1.544607720482774766e+02
1.102756892230576380e+00 1.717738843158559234e+02
1.152882205513784397e+00 6.878527101433533630e+00
1.203007518796992414e+00 3.033933810223716705e+02
1.253132832080200432e+00 -7.411039736181309934e+01
1.303258145363408449e+00 7.042524385405832277e+01
1.353383458646616466e+00 4.130101228680221936e+01
1.403508771929824483e+00 2.071479438890979736e+02
1.453634085213032501e+00 1.943728145373913208e+02
1.503759398496240518e+00 5.625218659095610008e+01
1.553884711779448535e+00 7.168651602803947753e+01
1.604010025062656553e+00 -6.196325294217908919e+01
1.654135338345864570e+00 -1.784461290614060260e+02
1.704260651629072587e+00 -2.242471732769237036e+01
1.754385964912280604e+00 2.069131389366474139e+01
1.804511278195488622e+00 1.207747713101441889e+02
1.854636591478696639e+00 1.107148005591818105e+02
1.904761904761904656e+00 -5.544067606101467760e+01
1.954887218045112673e+00 -5.399719714794928649e+01
2.005012531328320691e+00 -1.355141423729427288e+02
2.055137844611528486e+00 -1.793453528747578787e+02
2.105263157894736725e+00 -2.144090169963011192e+02
2.155388471177944965e+00 1.451410781583558389e+02
2.205513784461152760e+00 -1.067360430202533763e+02
2.255639097744360555e+00 -1.050581742827966423e+02
2.305764411027568794e+00 -1.916233853631334227e+02
2.355889724310777034e+00 6.729107540738169746e+00
2.406015037593984829e+00 -2.366408804606704166e+02
2.456140350877192624e+00 -1.002859815024448835e+02
2.506265664160400863e+00 -1.718263877493695873e+02
2.556390977443609103e+00 -4.634416841020433253e+01
2.606516290726816898e+00 -1.383393858449937852e+02
2.656641604010024693e+00 -2.070021383480270174e+02
2.706766917293232932e+00 -9.288165901166588867e+01
2.756892230576441172e+00 -4.779121887425796444e+01
2.807017543859648967e+00 -8.396524802229795625e+01
2.857142857142856762e+00 -5.979226389895870852e+01
2.907268170426065002e+00 -1.523255829139680486e+02
2.957393483709273241e+00 -1.234575481720850689e+02
3.007518796992481036e+00 -1.521635319720873269e+02
3.057644110275688831e+00 -1.180618293371543785e+02
3.107769423558897071e+00 -1.600791618499100650e+02
3.157894736842105310e+00 -2.475368050092588419e+02
3.208020050125313105e+00 -5.281580459419253515e+01
3.258145363408520900e+00 -1.059148854019204862e+02
3.308270676691729140e+00 -2.234887702167980308e+02
3.358395989974937379e+00 -8.504389397772158077e+00
3.408521303258145174e+00 -1.394377675897974882e+02
3.458646616541352969e+00 -3.708261170208803748e+01
3.508771929824561209e+00 3.738452996812861073e+01
3.558897243107769448e+00 -1.558780610145339551e+01
3.609022556390977243e+00 9.274057670741882475e+01
3.659147869674185038e+00 -1.371862936194091560e+02
3.709273182957393278e+00 3.419525224246476114e+01
3.759398496240601517e+00 -6.672718356319285249e+01
3.809523809523809312e+00 -7.744699065838946694e+01
3.859649122807017108e+00 -4.032941700517769590e+01
3.909774436090225347e+00 -5.675406702773820200e+00
3.959899749373433586e+00 3.897971502157771795e+01
4.010025062656641381e+00 -7.535160646100321458e+01
4.060150375939849177e+00 1.389214091102884368e+02
4.110275689223056972e+00 1.029146302777385813e+02
4.160401002506265655e+00 -8.997209121211699312e+01
4.210526315789473450e+00 2.195368661689808505e+02
4.260651629072681246e+00 2.670780351523671357e+02
4.310776942355889929e+00 2.018268912163474340e+02
4.360902255639097724e+00 7.206468058788546216e+01
4.411027568922305520e+00 -1.129337161106400345e+01
4.461152882205513315e+00 2.065385640989586875e+02
4.511278195488721110e+00 6.564661361570139775e+01
4.561403508771929793e+00 2.326143077903765288e+02
4.611528822055137589e+00 1.351151843287696863e+02
4.661654135338345384e+00 2.153624707154538953e+02
4.711779448621554067e+00 1.562225768169454341e+02
4.761904761904761862e+00 1.935935946733501396e+02
4.812030075187969658e+00 1.257891355540455010e+02
4.862155388471177453e+00 3.045742195210570458e+02
4.912280701754385248e+00 1.393674266546375691e+02
4.962406015037593932e+00 1.670042281746920594e+02
5.012531328320801727e+00 3.146916723198953036e+02
5.062656641604009522e+00 -9.380367155692226788e+00
5.112781954887218205e+00 -3.177860139361911251e+00
5.162907268170426001e+00 2.187532159028677086e+02
5.213032581453633796e+00 1.926590402338916874e+00
5.263157894736841591e+00 3.105265442499312485e+02
5.313283208020049386e+00 7.124861288363167944e+01
5.363408521303258070e+00 3.385492448292212941e+01
5.413533834586465865e+00 2.964541373553608992e+02
5.463659147869673660e+00 2.473688625688490674e+02
5.513784461152882344e+00 2.808592334258277674e+02
5.563909774436090139e+00 1.791549755611416117e+02
5.614035087719297934e+00 -3.429012172609574804e+00
5.664160401002505729e+00 2.675753752248999717e+02
5.714285714285713524e+00 4.341408730069474586e+01
5.764411027568922208e+00 1.439151000479191111e+02
5.814536340852130003e+00 1.516995604779894222e+02
5.864661654135337798e+00 3.466937708250019057e+01
5.914786967418546482e+00 1.047073615060867553e+02
5.964912280701754277e+00 1.286244479229864055e+02
6.015037593984962072e+00 6.716847907848747923e+01
6.065162907268169867e+00 -8.723182043315694045e+01
6.115288220551377663e+00 4.581668303922909047e+01
6.165413533834586346e+00 1.420598739635526329e+02
6.215538847117794141e+00 -6.642251819042088812e+01
6.265664160401001936e+00 -1.809189932316642313e+01
6.315789473684210620e+00 -5.254371051649494717e+01
6.365914786967418415e+00 1.702979534573052263e+02
6.416040100250626210e+00 4.733621535476080311e+01
6.466165413533834005e+00 1.595681668877262638e+01
6.516290726817041801e+00 -1.062768904891783563e+02
6.566416040100250484e+00 2.057313365841290675e+01
6.616541353383458279e+00 -1.043953151124150054e+02
6.666666666666666075e+00 -3.690874239195412088e+01
6.716791979949874758e+00 -1.063040520585177831e+02
6.766917293233082553e+00 2.281712243901253601e+01
6.817042606516290348e+00 1.126286004069081059e+01
6.867167919799498144e+00 -6.824650290831750965e+01
6.917293233082705939e+00 -8.276969620509468939e+00
6.967418546365914622e+00 -1.570787622332463513e+02
7.017543859649122417e+00 -1.962238172427894085e+02
7.067669172932330213e+00 -1.914519536176747749e+00
7.117794486215538896e+00 -2.737505721737161934e+01
7.167919799498746691e+00 2.183285912288226882e+01
7.218045112781954487e+00 1.995679384046407563e+02
7.268170426065162282e+00 5.916447382378060382e+01
7.318295739348370077e+00 -1.225786381281418898e+02
7.368421052631578760e+00 8.489801149029975136e+01
7.418546365914786556e+00 -1.534169065630852629e+02
7.468671679197994351e+00 -6.254631624633261566e+01
7.518796992481203034e+00 -1.733921992825050395e+01
7.568922305764410829e+00 1.670976977409118263e+02
7.619047619047618625e+00 -7.205894505016159712e+01
7.669172932330826420e+00 -7.323272897981853191e+01
7.719298245614034215e+00 6.866884733772277372e+00
7.769423558897242899e+00 -4.206500928288409114e+01
7.819548872180450694e+00 1.447485135622974042e+02
7.869674185463658489e+00 -6.791423698935362552e+01
7.919799498746867172e+00 -6.652265362172421703e+01
7.969924812030074968e+00 1.269739840829708299e+01
8.020050125313282763e+00 1.499923821570821048e+01
8.070175438596491446e+00 2.661042986380016373e+02
8.120300751879698353e+00 1.764248380577995476e+02
8.170426065162907037e+00 9.851024846699441184e+01
8.220551378446113944e+00 -2.461734556298891619e+01
8.270676691729322627e+00 1.903909138662691589e+02
8.320802005012531311e+00 1.377826676697772257e+01
8.370927318295738218e+00 -3.305483634121517866e+01
8.421052631578946901e+00 2.475868089823806599e+02
8.471177944862155584e+00 1.675420326744101089e+02
8.521303258145362491e+00 2.346649917497508682e+02
8.571428571428571175e+00 1.808175273367867533e+02
8.621553884711779858e+00 2.405968040346014050e+02
8.671679197994986765e+00 9.535477561319186179e+01
8.721804511278195449e+00 6.212496940911483989e+01
8.771929824561402356e+00 2.383252464602493603e+02
8.822055137844611039e+00 9.394500206221333372e+01
8.872180451127819723e+00 1.089366409091589816e+02
8.922305764411026630e+00 1.354142741936874188e+02
8.972431077694235313e+00 1.852494030165308061e+02
9.022556390977442220e+00 1.500850069974419796e+02
9.072681704260650903e+00 4.941516211170295492e+01
9.122807017543859587e+00 1.234145365656097226e+02
9.172932330827066494e+00 -3.425725954325849898e+01
9.223057644110275177e+00 2.503570637768037273e+02
9.273182957393483861e+00 2.682996007249954573e+01
9.323308270676690768e+00 7.526003328632184264e+01
9.373433583959899451e+00 1.890513170460971253e+02
9.423558897243108134e+00 1.075047190463674127e+02
9.473684210526315042e+00 3.328973343432869001e+02
9.523809523809523725e+00 4.597537019669076130e+01
9.573934837092730632e+00 1.981860307129098544e+02
9.624060150375939315e+00 1.633541514137878892e+02
9.674185463659147999e+00 4.588548293122286736e+01
9.724310776942354906e+00 2.100773383723607992e+02
9.774436090225563589e+00 1.353258979015558623e+02
9.824561403508770496e+00 2.241019019570275645e+02
9.874686716791979180e+00 2.234641319936239938e+02
9.924812030075187863e+00 3.514152812867050670e+02
9.974937343358394770e+00 2.625493285141203614e+02
1.002506265664160345e+01 8.565085852459287707e+01
1.007518796992481214e+01 9.221285511429627491e+01
1.012531328320801904e+01 2.196497864295396596e+02
1.017543859649122773e+01 1.687369823540951757e+02
1.022556390977443641e+01 1.607867416931815399e+02
1.027568922305764332e+01 -7.128054543799626686e+01
1.032581453634085200e+01 8.174428419937123635e+01
1.037593984962405891e+01 4.297236978369738836e+00
1.042606516290726759e+01 1.002181538523371387e+02
1.047619047619047628e+01 5.677718434646227763e+01
1.052631578947368318e+01 1.522557010056160038e+02
1.057644110275689187e+01 8.792062189423029395e+01
1.062656641604009877e+01 1.301425820150359982e+02
1.067669172932330746e+01 5.614994896755618470e-01
1.072681704260651614e+01 -5.113444618656619411e+01
1.077694235588972305e+01 -1.146669957333813272e+00
1.082706766917293173e+01 3.517146500095115869e+01
1.087719298245614041e+01 7.229410047150034302e+01
1.092731829573934732e+01 2.583258408667662138e+02
1.097744360902255600e+01 2.671337593805210275e+01
1.102756892230576469e+01 -6.556856496170171056e+01
1.107769423558897159e+01 -4.931165730781870593e+00
1.112781954887218028e+01 -1.648884535000176044e+01
1.117794486215538718e+01 7.879058307311692033e+01
1.122807017543859587e+01 -1.220955398876482860e+02
1.127819548872180455e+01 4.022103542386957287e+01
1.132832080200501146e+01 5.202083265139475543e+01
1.137844611528822014e+01 6.262085124530554481e+01
1.142857142857142705e+01 -1.674962731438933616e+01
1.147869674185463573e+01 2.330207845600115490e+01
1.152882205513784442e+01 -9.068313461002422571e+01
1.157894736842105132e+01 7.516609197147381849e+00
1.162907268170426001e+01 8.162751360439671089e+00
1.167919799498746869e+01 1.101039352926580648e+02
1.172932330827067560e+01 -4.064699328045975335e+01
1.177944862155388428e+01 1.599558663241098202e+02
1.182957393483709296e+01 2.385098139751725057e+02
1.187969924812029987e+01 -1.103853409943510542e+02
1.192982456140350855e+01 1.470815201523425060e+02
1.197994987468671546e+01 1.802421905774136235e+02
1.203007518796992414e+01 5.711784716034132003e+01
1.208020050125313283e+01 8.961893855907408124e+01
1.213032581453633973e+01 1.246760680311785023e+02
1.218045112781954842e+01 1.168947814636088793e+02
1.223057644110275533e+01 1.245318662472818545e+02
1.228070175438596401e+01 -3.400812871939422166e+00
1.233082706766917269e+01 2.881637886500658396e+02
1.238095238095237960e+01 2.895459926153753827e+02
1.243107769423558828e+01 1.087818892586809909e+02
1.248120300751879697e+01 5.184969100938900510e+01
1.253132832080200387e+01 2.587719277983247821e+02
1.258145363408521256e+01 1.570205094874850147e+02
1.263157894736842124e+01 2.364514626918413001e+02
1.268170426065162815e+01 1.976671354856562743e+02
1.273182957393483683e+01 3.057504885448028062e+02
1.278195488721804374e+01 3.126887741273774282e+02
1.283208020050125242e+01 1.768619551781125097e+02
1.288220551378446110e+01 1.168560363496962111e+02
1.293233082706766801e+01 1.022070535120820125e+02
1.298245614035087669e+01 3.263624724191429323e+02
1.303258145363408360e+01 1.507576552176583391e+02
1.308270676691729228e+01 2.227595022387632469e+02
1.313283208020050097e+01 2.170718807495435669e+02
1.318295739348370788e+01 2.741624259793092051e+02
1.323308270676691656e+01 8.795301911518060933e+01
1.328320802005012524e+01 3.020620845123211211e+02
1.333333333333333215e+01 3.366165262557448727e+02
1.338345864661654083e+01 2.935545912493960259e+02
1.343358395989974952e+01 2.535554521776767842e+02
1.348370927318295642e+01 2.937706240987537853e+02
1.353383458646616511e+01 3.227878634681179051e+02
1.358395989974937201e+01 3.956935314917473079e+00
1.363408521303258070e+01 4.746380264230656962e+02
1.368421052631578938e+01 3.154044242852453976e+02
1.373433583959899629e+01 2.080431047624204552e+02
1.378446115288220497e+01 2.306435582307387335e+02
1.383458646616541188e+01 3.151620355861748521e+02
1.388471177944862056e+01 2.498507453520395529e+02
1.393483709273182924e+01 5.372273433708386392e+01
1.398496240601503615e+01 4.582616786125807948e+02
1.403508771929824483e+01 2.355068901249851194e+02
1.408521303258145352e+01 3.430918939207362541e+02
1.413533834586466043e+01 1.661875156132882125e+02
1.418546365914786911e+01 3.831925361279983804e+02
1.423558897243107779e+01 2.522371318263496391e+02
1.428571428571428470e+01 2.784625046020370291e+02
1.433583959899749338e+01 1.069978312815431423e+02
1.438596491228070029e+01 3.265948943430346958e+02
1.443609022556390897e+01 2.684739519920220800e+02
1.448621553884711766e+01 3.237852433205109719e+02
1.453634085213032456e+01 1.250386877653034503e+02
1.458646616541353325e+01 1.341707643704074542e+02
1.463659147869674015e+01 4.073102739363679348e+02
1.468671679197994884e+01 6.581992203545591735e+01
1.473684210526315752e+01 1.534244551265934149e+02
1.478696741854636443e+01 2.762371130075369479e+02
1.483709273182957311e+01 1.682134258000215539e+02
1.488721804511278179e+01 2.130253893994763814e+02
1.493734335839598870e+01 1.114998803716820248e+02
1.498746867167919739e+01 1.856179559188973087e+02
1.503759398496240607e+01 1.560470993659970418e+01
1.508771929824561298e+01 3.102148879292254833e+02
1.513784461152882166e+01 1.312483964531573406e+02
1.518796992481202857e+01 7.424477522417339515e+01
1.523809523809523725e+01 2.086467760556827216e+02
1.528822055137844593e+01 9.624063426962382550e+01
1.533834586466165284e+01 9.756253143570745578e+00
1.538847117794486152e+01 9.949082181367003841e+00
1.543859649122806843e+01 2.160068406277254667e+02
1.548872180451127711e+01 1.332483569765705340e+02
1.553884711779448580e+01 1.389735476005633075e+02
1.558897243107769270e+01 2.638091125447842842e+02
1.563909774436090139e+01 4.758430680040882521e+01
1.568922305764411007e+01 9.195746793104788708e+01
1.573934837092731698e+01 1.318039451834959550e+02
1.578947368421052566e+01 1.854813788465775701e+02
1.583959899749373434e+01 1.780475362306084435e+02
1.588972431077694125e+01 1.602325534832544918e+02
1.593984962406014994e+01 1.898248687909869830e+02
1.598997493734335684e+01 1.927020912315675503e+02
1.604010025062656553e+01 1.392632796572365237e+02
1.609022556390977243e+01 1.380266986658735959e+02
1.614035087719298289e+01 2.551545512797088406e+02
1.619047619047618980e+01 1.472249003193973067e+02
1.624060150375939671e+01 1.293915786963203800e+02
1.629072681704260717e+01 2.228653202296424922e+02
1.634085213032581407e+01 2.474107137263839320e+02
1.639097744360902098e+01 4.980061250439525793e+02
1.644110275689222789e+01 2.110512715023044166e+02
1.649122807017543835e+01 3.850235852941718804e+02
1.654135338345864525e+01 3.745388682984699358e+02
1.659147869674185216e+01 1.899523200287378017e+02
1.664160401002506262e+01 3.950616721576166128e+02
1.669172932330826953e+01 2.080599708460026989e+02
1.674185463659147644e+01 6.902493009773371568e+01
1.679197994987468689e+01 4.038122985810938417e+02
1.684210526315789380e+01 1.755366424227352411e+02
1.689223057644110071e+01 4.038364361935618945e+02
1.694235588972431117e+01 2.975977785127017796e+02
1.699248120300751808e+01 5.388171401796703321e+02
1.704260651629072498e+01 4.861544790347734875e+02
1.709273182957393544e+01 3.399581071129614998e+02
1.714285714285714235e+01 3.220336899414577374e+02
1.719298245614034926e+01 2.744367323686785198e+02
1.724310776942355972e+01 3.562669504232982263e+02
1.729323308270676662e+01 3.763105087738107386e+02
1.734335839598997353e+01 3.713230477913816685e+02
1.739348370927318044e+01 4.263591091586480957e+02
1.744360902255639090e+01 4.708807867661478213e+02
1.749373433583959780e+01 4.497743749299611977e+02
1.754385964912280471e+01 3.396151854393633585e+02
1.759398496240601517e+01 2.729146035967456214e+02
1.764411027568922208e+01 5.532609744641914631e+02
1.769423558897242899e+01 3.474362533556558219e+02
1.774436090225563945e+01 3.501970988141439420e+02
1.779448621553884635e+01 3.618402932077340211e+02
1.784461152882205326e+01 2.276910119100009240e+02
1.789473684210526372e+01 3.617666039975082413e+02
1.794486215538847063e+01 3.587157730416583945e+02
1.799498746867167753e+01 4.654124281931692622e+02
1.804511278195488444e+01 4.695244459058748134e+02
1.809523809523809490e+01 3.959960858012238418e+02
1.814536340852130181e+01 4.844155511510666088e+02
1.819548872180450871e+01 4.205455824882457705e+02
1.824561403508771917e+01 3.800427853785345178e+02
1.829573934837092608e+01 3.925476339298844550e+02
1.834586466165413299e+01 3.520548232397991910e+02
1.839598997493734345e+01 3.261627752587054943e+02
1.844611528822055035e+01 3.333055962836472759e+02
1.849624060150375726e+01 2.416547527826790258e+02
1.854636591478696772e+01 3.768650836113760079e+02
1.859649122807017463e+01 2.439041445642334054e+02
1.864661654135338154e+01 4.218481199859322714e+02
1.869674185463659200e+01 3.073224652388710751e+02
1.874686716791979890e+01 3.319573187359626445e+02
1.879699248120300581e+01 3.713276349979540782e+02
1.884711779448621627e+01 3.814475692711531565e+02
1.889724310776942318e+01 1.555000597047817905e+02
1.894736842105263008e+01 2.876289864792410640e+02
1.899749373433583699e+01 3.924397107717613835e+02
1.904761904761904745e+01 1.310921273012215522e+02
1.909774436090225436e+01 3.365208730324833937e+02
1.914786967418546126e+01 6.956426375615998836e+01
1.919799498746867172e+01 1.906616817651684528e+02
1.924812030075187863e+01 2.950543998062820492e+02
1.929824561403508554e+01 1.243068676551429235e+02
1.934837092731829600e+01 1.907403054624607535e+02
1.939849624060150290e+01 1.419618175896434309e+02
1.944862155388470981e+01 4.543656298955919510e+02
1.949874686716792027e+01 3.069434555811199061e+02
1.954887218045112718e+01 3.487856763081094869e+02
1.959899749373433409e+01 2.718950543291751387e+02
1.964912280701754099e+01 2.614945828329363167e+02
1.969924812030075145e+01 1.384309513979017652e+02
1.974937343358395836e+01 2.746936409800235879e+02
1.979949874686716527e+01 2.320754058628384087e+02
1.984962406015037573e+01 3.988992909311314179e+02
1.989974937343358263e+01 4.326181623838543828e+02
1.994987468671678954e+01 4.710666111869961128e+02
2.000000000000000000e+01 4.160424700003947009e+02
