0.000000000000000000e+00 2.176684733058075096e+02
2.506265664160400863e-02 -2.174954930892063487e+00
5.012531328320801727e-02 9.867090660149379744e+00
7.518796992481202590e-02 -4.101732732237530854e+01
1.002506265664160345e-01 1.563222409120585610e+02
1.253132832080200432e-01 -1.569686579343218682e+02
1.503759398496240518e-01 2.509671682959937584e+02
1.754385964912280604e-01 3.558529732512525356e+00
2.005012531328320691e-01 1.146643590698164985e+02
2.255639097744360777e-01 6.078835585683404474e+01
2.506265664160400863e-01 2.347807228139485574e+02
2.756892230576440950e-01 -1.147239661504989101e+02
3.007518796992481036e-01 6.164042469887318987e+01
3.258145363408521122e-01 5.793702097923302574e+01
3.508771929824561209e-01 2.120445764566183584e+02
3.759398496240601295e-01 -9.134669080650922979e+00
4.010025062656641381e-01 8.565709363654298159e+01
4.260651629072681468e-01 1.701534309094853370e+01
4.511278195488721554e-01 1.107770310576997730e+02
4.761904761904761640e-01 1.664424461155164749e+02
5.012531328320801727e-01 -4.471198751956251272e-01
5.263157894736841813e-01 2.253876697771660247e+02
5.513784461152881899e-01 2.022197408164419699e+02
5.764411027568921986e-01 1.632988034235998498e+02
6.015037593984962072e-01 2.039656807078205247e+02
6.265664160401002158e-01 4.617894103253334492e+01
6.516290726817042245e-01 1.027744063335404832e+02
6.766917293233082331e-01 2.183761169325583751e+01
7.017543859649122417e-01 8.881588987150178127e+01
7.268170426065162504e-01 1.686692251813510950e+02
7.518796992481202590e-01 4.633547305768311730e+01
7.769423558897242676e-01 7.553323501531477291e+01
8.020050125313282763e-01 4.603803688450643961e+01
8.270676691729322849e-01 2.962188026798695262e+01
8.521303258145362935e-01 4.624635342952912254e+01
8.771929824561403022e-01 1.111756058871864070e+02
9.022556390977443108e-01 -3.738753216527612722e-01
9.273182957393483195e-01 1.335594577034588042e+02
9.523809523809523281e-01 2.747063292925729456e+02
9.774436090225563367e-01 1.813883252221064026e+02
1.002506265664160345e+00 8.631001918636520998e+01
1.027568922305764243e+00 1.489471663475168839e+01
1.052631578947368363e+00 2.696290979922451925e+01
1.077694235588972482e+00 2.688053317582179034e+02
1.102756892230576380e+00 1.023849054378361245e+02
1.127819548872180277e+00 3.121526519771460073e+01
1.152882205513784397e+00 1.114870272448853115e+02
1.177944862155388517e+00 2.997752846017353932e+02
1.203007518796992414e+00 9.899747748308929829e+01
1.228070175438596312e+00 1.458152756648452169e+02
1.253132832080200432e+00 1.111111729598925137e+02
1.278195488721804551e+00 4.275851368887411752e+01
1.303258145363408449e+00 -3.948423716705343622e+01
1.328320802005012347e+00 3.651681960261833382e+01
1.353383458646616466e+00 4.714944621307948580e+01
1.378446115288220586e+00 1.231982172788001435e+02
1.403508771929824483e+00 1.448456333121609703e+02
1.428571428571428381e+00 1.503884979088887235e+02
1.453634085213032501e+00 8.209298053129390382e+01
1.478696741854636620e+00 1.382347491633980212e+02
1.503759398496240518e+00 -2.959678181203487668e+01
1.528822055137844416e+00 1.671938648868752466e+02
1.553884711779448535e+00 8.921147516021449064e+01
1.578947368421052655e+00 4.073887589250375640e+00
1.604010025062656553e+00 7.865879573245450729e+01
1.629072681704260450e+00 1.813871148258828825e+01
1.654135338345864570e+00 1.347188282930638366e+02
1.679197994987468689e+00 1.693747415117937862e+02
1.704260651629072587e+00 2.317710295801330176e+02
1.729323308270676485e+00 -1.306263335226274762e+02
1.754385964912280604e+00 -1.395827445257259285e+02
1.779448621553884724e+00 -4.981093561609640119e+01
1.804511278195488622e+00 1.245420703313096666e+01
1.829573934837092519e+00 7.989622610342223652e+01
1.854636591478696639e+00 1.969178190147033192e+01
1.879699248120300759e+00 -2.182166507084621117e+02
1.904761904761904656e+00 -5.070943708072782385e+01
1.929824561403508554e+00 5.865426981044954857e+01
1.954887218045112673e+00 -5.143542157837401874e+00
1.979949874686716793e+00 4.408855029425925665e+01
2.005012531328320691e+00 -5.824879885810319990e+01
2.030075187969924588e+00 -5.993328124089648412e+01
2.055137844611528486e+00 -2.497518813638132329e+01
2.080200501253132828e+00 -6.326758958437338265e+00
2.105263157894736725e+00 -3.112377013663388681e+01
2.130325814536340623e+00 -4.259050231882282844e+01
2.155388471177944965e+00 -1.250057241845891554e+02
2.180451127819548862e+00 -2.353656790891826489e+01
2.205513784461152760e+00 -5.236453923300202717e+01
2.230576441102756657e+00 4.525265425763520000e+01
2.255639097744360555e+00 4.915640722893637360e+01
2.280701754385964897e+00 -5.514532957716676265e+01
2.305764411027568794e+00 -1.139965307133619490e+02
2.330827067669172692e+00 -1.430253035416342868e+02
2.355889724310777034e+00 -3.936007353969468170e+01
2.380952380952380931e+00 -7.640179689929739482e+01
2.406015037593984829e+00 -1.208127230767670852e+02
2.431077694235588726e+00 -8.422087104907322441e+01
2.456140350877192624e+00 -1.525920732991888258e+02
2.481203007518796966e+00 -2.265522402565100890e+01
2.506265664160400863e+00 -1.388897025501191251e+02
2.531328320802004761e+00 2.670634934098063695e+01
2.556390977443609103e+00 -5.680937126644068513e+01
2.581453634085213000e+00 -3.905892959512931384e+01
2.606516290726816898e+00 -2.090081515188367689e+02
2.631578947368420796e+00 -8.351887009146324203e+01
2.656641604010024693e+00 -2.717981825724058353e+01
2.681704260651629035e+00 -1.972205407579343728e+02
2.706766917293232932e+00 -1.289227030900946147e+02
2.731829573934836830e+00 -9.932403742274203751e+01
2.756892230576441172e+00 -2.400152713915018126e+02
2.781954887218045069e+00 -7.113842323619618924e+01
2.807017543859648967e+00 -1.782149365080550751e+01
2.832080200501252865e+00 -1.880045479257135810e+02
2.857142857142856762e+00 -6.644600709361824897e+01
2.882205513784461104e+00 -2.320091386103393347e+02
2.907268170426065002e+00 -1.037635971078169774e+02
2.932330827067668899e+00 -2.604183295132837088e+02
2.957393483709273241e+00 1.451885962928542995e+01
2.982456140350877138e+00 -5.535063964968668415e+01
3.007518796992481036e+00 -9.715755611510796541e+01
3.032581453634084934e+00 -1.705062159570928202e+02
3.057644110275688831e+00 3.625045797159410199e+01
3.082706766917293173e+00 1.076069935497747423e+02
3.107769423558897071e+00 -2.727246710848048679e+02
3.132832080200500968e+00 3.901885613724230950e+01
3.157894736842105310e+00 8.064599820276194464e+01
3.182957393483709208e+00 -4.569281749504076373e+01
3.208020050125313105e+00 -1.966521909484541766e+02
3.233082706766917003e+00 1.251794794596816018e+01
3.258145363408520900e+00 -8.886310023572372074e+01
3.283208020050125242e+00 -1.279845883284757377e+02
3.308270676691729140e+00 -1.872906224295742845e+02
3.333333333333333037e+00 -5.798202657788344538e+00
3.358395989974937379e+00 2.198253054820581553e+01
3.383458646616541277e+00 -1.159808555410830024e+02
3.408521303258145174e+00 2.212283721599426656e+00
3.433583959899749072e+00 -1.603896647315690132e+02
3.458646616541352969e+00 3.822298309299381458e+01
3.483709273182957311e+00 -3.321634910713741817e+01
3.508771929824561209e+00 -5.234745427792952910e+01
3.533834586466165106e+00 -3.959509803615650725e+01
3.558897243107769448e+00 6.182012527206396868e+01
3.583959899749373346e+00 5.440133102905191009e+01
3.609022556390977243e+00 3.680647830889072480e+01
3.634085213032581141e+00 2.195360347396007938e+00
3.659147869674185038e+00 8.324705680663981866e-01
3.684210526315789380e+00 5.956756280925066704e+01
3.709273182957393278e+00 2.570640056079790980e+01
3.734335839598997175e+00 7.548183301743192430e+01
3.759398496240601517e+00 -1.897883717896825218e+01
3.784461152882205415e+00 -2.266143692372205010e+02
3.809523809523809312e+00 1.256128395483747511e+02
3.834586466165413210e+00 2.453076830563730368e+02
3.859649122807017108e+00 7.563781432881465605e+01
3.884711779448621449e+00 2.638374949383140233e+01
3.909774436090225347e+00 2.765289258486406254e+01
3.934837092731829244e+00 3.428418379058814480e+01
3.959899749373433586e+00 5.281088926269941197e+01
3.984962406015037484e+00 -5.626947219652628007e+01
4.010025062656641381e+00 9.061545453421544494e+00
4.035087719298245723e+00 -3.412288635786812563e+01
4.060150375939849177e+00 9.523286134412812487e+01
4.085213032581453518e+00 4.542051257765059802e+01
4.110275689223056972e+00 1.292902362173357176e+02
4.135338345864661314e+00 6.693039441800340228e+01
4.160401002506265655e+00 1.876073891448806705e+02
4.185463659147869109e+00 1.148364902999255719e+02
4.210526315789473450e+00 3.169929905566808657e+02
4.235588972431077792e+00 -8.734774249608054220e+01
4.260651629072681246e+00 4.188227130316830937e+01
4.285714285714285587e+00 2.009234453593190324e+02
4.310776942355889929e+00 3.677184673427527741e+02
4.335839598997493383e+00 9.403912056870522918e+01
4.360902255639097724e+00 1.271871422899801303e+02
4.385964912280701178e+00 1.040029395773709808e+02
4.411027568922305520e+00 2.634863633462612142e+02
4.436090225563909861e+00 1.052041766405750565e+02
4.461152882205513315e+00 2.054203057444086653e+02
4.486215538847117656e+00 1.087917693985163368e+02
4.511278195488721110e+00 1.675129205973654223e+01
4.536340852130325452e+00 1.784703769762737693e+02
4.561403508771929793e+00 2.004124821550826994e+02
4.586466165413533247e+00 2.822618988157558988e+02
4.611528822055137589e+00 1.446039870907099214e+02
4.636591478696741930e+00 9.648329180220855505e+01
4.661654135338345384e+00 2.169254134998300287e+02
4.686716791979949726e+00 1.870095955058481252e+02
4.711779448621554067e+00 1.931437475826735977e+02
4.736842105263157521e+00 1.597603063020505090e+02
4.761904761904761862e+00 2.849511860770610951e+02
4.786967418546365316e+00 2.075624236718730060e+02
4.812030075187969658e+00 3.626237958940401995e+02
4.837092731829573999e+00 2.846564237262597885e+02
4.862155388471177453e+00 2.406959513235014470e+02
4.887218045112781795e+00 1.313430631823982253e+01
4.912280701754385248e+00 2.370439789167620006e+02
4.937343358395989590e+00 2.196209442078078098e+02
4.962406015037593932e+00 2.593155767629550610e+02
4.987468671679197385e+00 2.831397968519714254e+02
5.012531328320801727e+00 1.389311466652611955e+02
5.037593984962406068e+00 2.615920428168441276e+02
5.062656641604009522e+00 1.229837523020273977e+02
5.087719298245613864e+00 3.745766042442282924e+02
5.112781954887218205e+00 4.562142900990684780e+01
5.137844611528821659e+00 2.330667650166020621e+00
5.162907268170426001e+00 1.276750411539347851e+01
5.187969924812029454e+00 8.808362364588279547e+01
5.213032581453633796e+00 6.438911567798302826e+01
5.238095238095238138e+00 3.709346281730404939e+02
5.263157894736841591e+00 1.415703709589760138e+02
5.288220551378445933e+00 3.871691857596843533e+01
5.313283208020049386e+00 2.830608556935380875e+02
5.338345864661653728e+00 1.114855906645776571e+02
5.363408521303258070e+00 4.484910917557519383e+01
5.388471177944861523e+00 2.543996896808635597e+02
5.413533834586465865e+00 2.273222814668547471e+02
5.438596491228070207e+00 1.195537795426122045e+02
5.463659147869673660e+00 3.017643148128634607e+02
5.488721804511278002e+00 1.717833477712549382e+02
5.513784461152882344e+00 3.183377109233420015e+02
5.538847117794485797e+00 2.045979113478416593e+02
5.563909774436090139e+00 3.078019245702092235e+02
5.588972431077693592e+00 1.603807599204710925e+02
5.614035087719297934e+00 2.491196556387330929e+01
5.639097744360902276e+00 3.892013215025082218e+02
5.664160401002505729e+00 8.700267947079737496e+01
5.689223057644110071e+00 1.189550931913554450e+02
5.714285714285713524e+00 6.600660636774692591e+01
5.739348370927317866e+00 1.128691216525314900e+02
5.764411027568922208e+00 1.545979702658792689e+02
5.789473684210525661e+00 1.476027424982125638e+02
5.814536340852130003e+00 1.905826426525460136e+02
5.839598997493734345e+00 3.007355216004999647e+02
5.864661654135337798e+00 1.064965808561314873e+02
5.889724310776942140e+00 -7.755356855751884382e+00
5.914786967418546482e+00 -5.664955919889848701e+00
5.939849624060149935e+00 4.300414709255014145e+01
5.964912280701754277e+00 -6.081848470438245613e+01
5.989974937343357730e+00 1.861404868800195231e+02
6.015037593984962072e+00 5.087361876759972290e+01
6.040100250626566414e+00 6.668114758030351652e+01
6.065162907268169867e+00 9.470848184209793885e+01
6.090225563909774209e+00 -4.760702932636479545e+01
6.115288220551377663e+00 3.126202687167292993e+00
6.140350877192982004e+00 1.539832559228626110e+02
6.165413533834586346e+00 1.456776599071963574e+02
6.190476190476189799e+00 3.688145131262252363e+01
6.215538847117794141e+00 2.596960896545426749e+02
6.240601503759398483e+00 -5.441136272516138206e+01
6.265664160401001936e+00 3.926174923767089808e+01
6.290726817042606278e+00 4.836158108920172083e+01
6.315789473684210620e+00 -2.100864848087614121e+02
6.340852130325814073e+00 2.608480488772712533e+02
6.365914786967418415e+00 1.017034118175139099e+02
6.390977443609021869e+00 -4.130672351033287271e+01
6.416040100250626210e+00 2.664634614836124911e+02
6.441102756892230552e+00 1.182229135552135943e+02
6.466165413533834005e+00 1.010412655058275107e+02
6.491228070175438347e+00 -4.053415242907298932e+00
6.516290726817041801e+00 6.595663804037187106e+01
6.541353383458646142e+00 -9.841139072158489398e+01
6.566416040100250484e+00 1.326198535508156624e+02
6.591478696741853938e+00 1.477615905349543368e+01
6.616541353383458279e+00 6.487333334223923487e+01
6.641604010025062621e+00 1.710717424228788559e+02
6.666666666666666075e+00 7.889128016964517087e+01
6.691729323308270416e+00 7.636894970113962700e+01
6.716791979949874758e+00 7.763624569457412861e+01
6.741854636591478211e+00 -2.331571631809180190e+01
6.766917293233082553e+00 1.338004988336497263e+02
6.791979949874686007e+00 2.048901968769188500e+02
6.817042606516290348e+00 1.269567928239056300e+02
6.842105263157894690e+00 1.402585185416784270e+02
6.867167919799498144e+00 -3.509806943072211993e+01
6.892230576441102485e+00 -3.311381703070023264e+01
6.917293233082705939e+00 -8.921437990956343356e+01
6.942355889724310281e+00 1.794812315523602422e+02
6.967418546365914622e+00 3.239568655500530525e+01
6.992481203007518076e+00 1.995312966369280332e+02
7.017543859649122417e+00 -1.673535267391478953e+01
7.042606516290726759e+00 1.978948891072469252e+01
7.067669172932330213e+00 7.534287062160146320e+01
7.092731829573934554e+00 1.603802621892413072e+02
7.117794486215538896e+00 7.691937427373777325e+01
7.142857142857142350e+00 9.473919546238840894e+01
7.167919799498746691e+00 7.823394191004740605e+01
7.192982456140350145e+00 9.742513224714174669e+01
7.218045112781954487e+00 -2.864636898389434805e+01
7.243107769423558828e+00 9.455488095044822217e+01
7.268170426065162282e+00 7.143102578402935876e+01
7.293233082706766623e+00 8.819618414624181924e+01
7.318295739348370077e+00 1.470624734091527159e+02
7.343358395989974419e+00 3.386898608235176766e+01
7.368421052631578760e+00 9.774889140271724841e+01
7.393483709273182214e+00 8.087822686599866984e+01
7.418546365914786556e+00 1.569078841978677019e+02
7.443609022556390897e+00 1.983630952021768223e+02
7.468671679197994351e+00 2.919327313267220347e+01
7.493734335839598693e+00 1.883141996162732141e+02
7.518796992481203034e+00 3.414224239852903793e+02
7.543859649122806488e+00 -7.021265195845955986e+00
7.568922305764410829e+00 6.245263205337698764e+01
7.593984962406014283e+00 6.290801674136905319e+01
7.619047619047618625e+00 1.286678726116724931e+02
7.644110275689222966e+00 3.245855426778356332e+02
7.669172932330826420e+00 1.694650839456964491e+02
7.694235588972430762e+00 1.045907738490063252e+02
7.719298245614034215e+00 2.422667551440582372e+02
7.744360902255638557e+00 1.262228815343609369e+02
7.769423558897242899e+00 3.047467361295215369e+02
7.794486215538846352e+00 2.292141615062025721e+02
7.819548872180450694e+00 3.439214918408177937e+02
7.844611528822055035e+00 1.453337006385987706e+02
7.869674185463658489e+00 5.210411318837841463e+02
7.894736842105262831e+00 3.069580789529640583e+02
7.919799498746867172e+00 2.965528453380283054e+02
7.944862155388470626e+00 2.326162834191784157e+02
7.969924812030074968e+00 1.718548228612880280e+02
7.994987468671678421e+00 1.643501720155570069e+02
8.020050125313282763e+00 2.442688749443306051e+02
8.045112781954886216e+00 1.849002069663604289e+02
8.070175438596491446e+00 2.996702839646687266e+02
8.095238095238094900e+00 1.955773854183914011e+02
8.120300751879698353e+00 3.470826514952125308e+02
8.145363408521303583e+00 3.873706074307216909e+02
8.170426065162907037e+00 2.279492366795296334e+02
8.195488721804510490e+00 4.245615660859658647e+02
8.220551378446113944e+00 2.882373290166328843e+02
8.245614035087719174e+00 4.342718874275534517e+02
8.270676691729322627e+00 3.692385043025049072e+02
8.295739348370926081e+00 4.442949169200821302e+02
8.320802005012531311e+00 2.389560912160799262e+02
8.345864661654134764e+00 3.345248399399233108e+02
8.370927318295738218e+00 4.968380179181843914e+02
8.395989974937343447e+00 2.963215496748244959e+02
8.421052631578946901e+00 1.607692558356325776e+02
8.446115288220550354e+00 1.765234332512048354e+02
8.471177944862155584e+00 1.263550388177305024e+02
8.496240601503759038e+00 1.717183251299694291e+02
8.521303258145362491e+00 3.480204928671564062e+02
8.546365914786967721e+00 5.229963500847720752e+02
8.571428571428571175e+00 3.567847000010385727e+02
8.596491228070174628e+00 4.391250728608543454e+02
8.621553884711779858e+00 4.014343545471050447e+02
8.646616541353383312e+00 4.188420230155145987e+02
8.671679197994986765e+00 4.066095055123772681e+02
8.696741854636590219e+00 4.113386098365912744e+02
8.721804511278195449e+00 4.800818460825509533e+02
8.746867167919798902e+00 3.214542316301898950e+02
8.771929824561402356e+00 5.450274791504537006e+02
8.796992481203007586e+00 5.408511460712393273e+02
8.822055137844611039e+00 4.340478711855135998e+02
8.847117794486214493e+00 5.386644015434455923e+02
8.872180451127819723e+00 3.924270229413182847e+02
8.897243107769423176e+00 4.131384879055748911e+02
8.922305764411026630e+00 4.866476013469361988e+02
8.947368421052631859e+00 4.560190441367777225e+02
8.972431077694235313e+00 4.340454032995433522e+02
8.997493734335838766e+00 4.154094418123908099e+02
9.022556390977442220e+00 4.304958674481072762e+02
9.047619047619047450e+00 5.836086657764041092e+02
9.072681704260650903e+00 2.986607917237876677e+02
9.097744360902254357e+00 5.313985594299912236e+02
9.122807017543859587e+00 4.755160584079020509e+02
9.147869674185463040e+00 5.748065938452479031e+02
9.172932330827066494e+00 5.562534042887459691e+02
9.197994987468671724e+00 2.290693820552722855e+02
9.223057644110275177e+00 5.682211685109963355e+02
9.248120300751878631e+00 5.444756358528783267e+02
9.273182957393483861e+00 5.163855824633187694e+02
9.298245614035087314e+00 4.693439688976017692e+02
9.323308270676690768e+00 6.034142912328443344e+02
9.348370927318295998e+00 4.785228444108637973e+02
9.373433583959899451e+00 7.049041691713271121e+02
9.398496240601502905e+00 5.793467977137025855e+02
9.423558897243108134e+00 7.380395582652620305e+02
9.448621553884711588e+00 4.469265897718286737e+02
9.473684210526315042e+00 3.509887285939757930e+02
9.498746867167918495e+00 5.990428848276702638e+02
9.523809523809523725e+00 6.137017500456961443e+02
9.548872180451127178e+00 5.327232038365658582e+02
9.573934837092730632e+00 3.759559794334000458e+02
9.598997493734335862e+00 4.855901608673185024e+02
9.624060150375939315e+00 5.926230514381212515e+02
9.649122807017542769e+00 5.127564717348699332e+02
9.674185463659147999e+00 5.198344839019889605e+02
9.699248120300751452e+00 5.140599538530735799e+02
9.724310776942354906e+00 4.383059891362532312e+02
9.749373433583960136e+00 4.784107280065858276e+02
9.774436090225563589e+00 3.890013063572523606e+02
9.799498746867167043e+00 7.083309194582584496e+02
9.824561403508770496e+00 4.838150276122702280e+02
9.849624060150375726e+00 5.788754757983200534e+02
9.874686716791979180e+00 4.286382995804714824e+02
9.899749373433582633e+00 6.099480867868750238e+02
9.924812030075187863e+00 3.428091931855966550e+02
9.949874686716791317e+00 6.217842977464347314e+02
9.974937343358394770e+00 5.257568352466560100e+02
1.000000000000000000e+01 7.399042657829177188e+02
